image_width: 640
image_height: 480
camera_name: openni
camera_matrix:
   rows: 3
   cols: 3
   data: [ 5.3017373099311465e+02, 0., 3.0456986177800053e+02, 0.,
       5.3124652547940923e+02, 2.5915780370605813e+02, 0., 0., 1. ]
distortion_coefficients:
   rows: 1
   cols: 5
   data: [ 2.1192094327569491e-01, -5.6630444062106100e-01,
       -2.3502458105182050e-03, 8.6402976433638411e-04,
       4.6336525877228341e-01 ]
rectification_matrix:
   rows: 3
   cols: 3
   data: [ 1., 0., 0., 0., 1., 0., 0., 0., 1. ]
projection_matrix:
   rows: 3
   cols: 4
   data: [5.3017373099311465e+02, 0., 3.0456986177800053e+02, 0., 5.3124652547940923e+02, 2.5915780370605813e+02, 0., 0., 0., 0.0, 0.0, 1.00000000 ]
