image_width: 640
image_height: 480
camera_name: openni
camera_matrix:
   rows: 3
   cols: 3
   data: [ 4.9460888893677100e+02, 0., 3.1880127186137213e+02, 0.,
       4.9638183371973020e+02, 2.4655092930464986e+02, 0., 0., 1. ]
distortion_coefficients:
   rows: 1
   cols: 5
   data: [ 5.0794632170115608e-02, -2.1134509063966503e-01,
       3.2545619212480999e-03, -8.4168849354074467e-04,
       1.7438791103074658e-01 ]
rectification_matrix:
   rows: 3
   cols: 3
   data: [ 1., 0., 0., 0., 1., 0., 0., 0., 1. ]
projection_matrix:
   rows: 3
   cols: 4
   data: [ 4.9460888893677100e+02, 0., 3.1880127186137213e+02, 0.,
       4.9638183371973020e+02, 2.4655092930464986e+02, 0., 0., 0., 0.0, 0.0, 1.00000000 ]
