<?xml version="1.0"?>
<opencv_storage>
<M1 type_id="opencv-matrix">
  <rows>3</rows>
  <cols>3</cols>
  <dt>d</dt>
  <data>
    434.575328  0.000000 327.631583 
0.000000 434.084460 225.880950
0.000000 0.000000 1.000000</data></M1>
<D1 type_id="opencv-matrix">
  <rows>1</rows>
  <cols>5</cols>
  <dt>d</dt>
  <data>
    -0.352013   0.101459   0.000241  -0.001158   0.000000</data></D1>
<size type_id="opencv-matrix">
  <rows>2</rows>
  <cols>1</cols>
  <dt>i</dt>
  <data>
    640 480</data></size>
</opencv_storage>
