<?xml version="1.0"?>
<opencv_storage>
<M1 type_id="opencv-matrix">
  <rows>3</rows>
  <cols>3</cols>
  <dt>d</dt>
  <data>
    539.141965 0.000000 317.783140
0.000000 539.988454 244.068513
0.000000 0.000000 1.000000</data></M1>
<D1 type_id="opencv-matrix">
  <rows>1</rows>
  <cols>5</cols>
  <dt>d</dt>
  <data>
    0.110223  -0.220338  -0.000399  -0.006374  0.000000 </data></D1>
<size type_id="opencv-matrix">
  <rows>2</rows>
  <cols>1</cols>
  <dt>i</dt>
  <data>
    640 480</data></size>
</opencv_storage>
