<?xml version="1.0"?>
<opencv_storage>
<M1 type_id="opencv-matrix">
  <rows>3</rows>
  <cols>3</cols>
  <dt>d</dt>
  <data>
    525.455604 0.000000 311.328009
0.000000 522.441791 260.907887
0.000000 0.000000 1.000000</data></M1>
<D1 type_id="opencv-matrix">
  <rows>1</rows>
  <cols>5</cols>
  <dt>d</dt>
  <data>
    0.202948  -0.377188  -0.002248  -0.001158   0.000000 </data></D1>
<size type_id="opencv-matrix">
  <rows>2</rows>
  <cols>1</cols>
  <dt>i</dt>
  <data>
    640 480</data></size>
</opencv_storage>
